{
  "advancedEditorSelectedIdentifier" : "ProjectBrowser",
  "openSceneRelativePaths" : [
    "Immersive.usda",
    "Lab.usda"
  ],
  "recentIdentifiers" : {
    "AF09ED6F-1707-48FD-8720-65B998362C09" : [

    ],
    "C2496C15-536A-49B1-931A-CEA44DA690F9" : [

    ]
  },
  "sceneCameraHistory" : {
    "AF09ED6F-1707-48FD-8720-65B998362C09" : [
      {
        "date" : 771049514.629095,
        "title" : "Untitled",
        "transform" : [
          0.7331475,
          3.728256e-07,
          0.68006974,
          0,
          0.3304293,
          0.87402785,
          -0.35621893,
          0,
          -0.5944,
          0.48587593,
          0.6407911,
          0,
          -18.445803,
          20.033472,
          29.13343,
          1
        ]
      },
      {
        "date" : 771049068.783014,
        "title" : "Untitled",
        "transform" : [
          0.7331475,
          3.728256e-07,
          0.68006974,
          0,
          0.3304293,
          0.87402785,
          -0.35621893,
          0,
          -0.5944,
          0.48587593,
          0.6407911,
          0,
          -14.164465,
          16.533838,
          24.517963,
          1
        ]
      },
      {
        "date" : 771049066.4985,
        "title" : "Untitled",
        "transform" : [
          0.7331475,
          3.728256e-07,
          0.68006974,
          0,
          0.3304293,
          0.87402785,
          -0.35621893,
          0,
          -0.5944,
          0.48587593,
          0.6407911,
          0,
          -12.167627,
          26.173943,
          19.060684,
          1
        ]
      },
      {
        "date" : 771047620.287903,
        "title" : "Untitled",
        "transform" : [
          0.7331475,
          3.728256e-07,
          0.68006974,
          0,
          0.3304293,
          0.87402785,
          -0.35621893,
          0,
          -0.5944,
          0.48587593,
          0.6407911,
          0,
          -24.225887,
          36.030388,
          32.059784,
          1
        ]
      },
      {
        "date" : 771047613.489667,
        "title" : "Untitled",
        "transform" : [
          0.869832,
          1.0284436e-08,
          0.493348,
          0,
          0.18456903,
          0.9273822,
          -0.32541752,
          0,
          -0.45752218,
          0.37411544,
          0.8066667,
          0,
          -24.61778,
          36.90215,
          31.433212,
          1
        ]
      },
      {
        "date" : 771047611.853653,
        "title" : "Untitled",
        "transform" : [
          0.869832,
          1.0284436e-08,
          0.493348,
          0,
          0.18456903,
          0.9273822,
          -0.32541752,
          0,
          -0.45752218,
          0.37411544,
          0.8066667,
          0,
          -24.61778,
          36.90215,
          31.433212,
          1
        ]
      },
      {
        "date" : 771047610.559136,
        "title" : "Untitled",
        "transform" : [
          0.8502635,
          6.687314e-09,
          0.5263573,
          0,
          0.3053,
          0.81459916,
          -0.4931735,
          0,
          -0.4287702,
          0.58002436,
          0.69262385,
          0,
          -20.393023,
          42.64058,
          22.480066,
          1
        ]
      },
      {
        "date" : 771047596.758033,
        "title" : "Untitled",
        "transform" : [
          0.8502635,
          6.687314e-09,
          0.5263573,
          0,
          0.3053,
          0.81459916,
          -0.4931735,
          0,
          -0.4287702,
          0.58002436,
          0.69262385,
          0,
          -40.0438,
          69.22195,
          54.22349,
          1
        ]
      },
      {
        "date" : 771047582.393065,
        "title" : "Untitled",
        "transform" : [
          0.8502635,
          6.687314e-09,
          0.5263573,
          0,
          0.3053,
          0.81459916,
          -0.4931735,
          0,
          -0.4287702,
          0.58002436,
          0.69262385,
          0,
          -22.951607,
          39.675426,
          36.23733,
          1
        ]
      },
      {
        "date" : 771047574.295988,
        "title" : "Untitled",
        "transform" : [
          0.8502635,
          6.687314e-09,
          0.5263573,
          0,
          0.3053,
          0.81459916,
          -0.4931735,
          0,
          -0.4287702,
          0.58002436,
          0.69262385,
          0,
          -84.47568,
          98.440735,
          83.40128,
          1
        ]
      }
    ],
    "C2496C15-536A-49B1-931A-CEA44DA690F9" : [
      {
        "date" : 771059372.96475,
        "title" : "Untitled",
        "transform" : [
          0.690191,
          3.5213585e-08,
          -0.72362727,
          0,
          -0.30857936,
          0.9045186,
          -0.29432094,
          0,
          0.6545343,
          0.4264341,
          0.6242906,
          0,
          15.05852,
          10.007072,
          17.802834,
          1
        ]
      },
      {
        "date" : 771059371.65788,
        "title" : "Untitled",
        "transform" : [
          0.690191,
          3.5213585e-08,
          -0.72362727,
          0,
          -0.30857936,
          0.9045186,
          -0.29432094,
          0,
          0.6545343,
          0.4264341,
          0.6242906,
          0,
          15.048746,
          10.000706,
          17.79351,
          1
        ]
      },
      {
        "date" : 771059368.74703,
        "title" : "Untitled",
        "transform" : [
          0.96444726,
          1.36244935e-08,
          -0.26427543,
          0,
          -0.07701117,
          0.9565998,
          -0.28104466,
          0,
          0.25280583,
          0.29140493,
          0.9225901,
          0,
          4.088061,
          6.5699906,
          24.013218,
          1
        ]
      },
      {
        "date" : 771059362.024867,
        "title" : "Untitled",
        "transform" : [
          0.97840685,
          0.00025853553,
          0.20668812,
          0,
          0.058525477,
          0.9587259,
          -0.27824324,
          0,
          -0.19822921,
          0.28433162,
          0.9380089,
          0,
          1.6321671,
          6.4073677,
          24.737547,
          1
        ]
      },
      {
        "date" : 771059359.009599,
        "title" : "Untitled",
        "transform" : [
          0.97840685,
          0.00025853553,
          0.20668812,
          0,
          0.058525477,
          0.9587259,
          -0.27824324,
          0,
          -0.19822921,
          0.28433162,
          0.9380089,
          0,
          5.5061016,
          25.039957,
          96.674194,
          1
        ]
      },
      {
        "date" : 771059357.57259,
        "title" : "Untitled",
        "transform" : [
          0.97840685,
          0.00025853553,
          0.20668812,
          0,
          0.058525477,
          0.9587259,
          -0.27824324,
          0,
          -0.19822921,
          0.28433162,
          0.9380089,
          0,
          1.3424399,
          18.626574,
          98.244415,
          1
        ]
      },
      {
        "date" : 771059340.157607,
        "title" : "Untitled",
        "transform" : [
          0.97840685,
          0.00025853553,
          0.20668812,
          0,
          0.058525477,
          0.9587259,
          -0.27824324,
          0,
          -0.19822921,
          0.28433162,
          0.9380089,
          0,
          0.45535985,
          2.776008,
          14.641838,
          1
        ]
      },
      {
        "date" : 771059333.923697,
        "title" : "Untitled",
        "transform" : [
          0.9835528,
          0.00025853995,
          -0.1806201,
          0,
          -0.14189203,
          0.61986303,
          -0.7717749,
          0,
          0.11176017,
          0.78470993,
          0.60970473,
          0,
          1.0242735,
          3.6558902,
          12.271971,
          1
        ]
      },
      {
        "date" : 771059325.258149,
        "title" : "Untitled",
        "transform" : [
          0.9971544,
          0.0002585317,
          -0.07538567,
          0,
          -0.036792934,
          0.874474,
          -0.48367503,
          0,
          0.06579774,
          0.48507234,
          0.8719951,
          0,
          9.305013,
          27.260193,
          26.183613,
          1
        ]
      },
      {
        "date" : 771059309.140135,
        "title" : "Untitled",
        "transform" : [
          0.9971544,
          0.0002585317,
          -0.07538567,
          0,
          -0.036792934,
          0.874474,
          -0.48367503,
          0,
          0.06579774,
          0.48507234,
          0.8719951,
          0,
          4.4127784,
          11.631179,
          15.345586,
          1
        ]
      }
    ]
  },
  "sceneViewportBackgroundColors" : {

  },
  "selectedSceneRelativePath" : "Lab.usda"
}